841
921
1088
71
2291
1551
1173
289
1122
792
700
1610
309
3089
1429
1052
1601
1896
393
1679
1687
3213
298
572
1082
372
1526
1686
382
887
892
1464
785
732
927
2422
1543
1325
540
53
212
553
1771
1260
1575
687
858
3279
945
828
1234
841
387
1220
502
777
1440
1153
2507
1342
1715
3131
1101
1035
37
477
868
1113
873
2322
978
1033
816
1685
2155
1488
1219
1438
698
613
550
480
913
462
568
708
1104
835
1163
1601
933
1023
346
371
2815
1998
1236
849
1067
1935
631
1120
828
1447
940
1093
2836
2911
1324
1430
1606
456
1086
273
1156
1524
453
433
1116
1433
348
3046
694
1017
1536
699
39
436
1119
42
1399
769
2936
1619
318
808
655
686
1592
2307
561
479
860
518
525
1482
1701
481
2649
1593
432
520
591
931
631
1683
314
1719
2628
1328
2317
487
1014
1481
1580
336
778
480
1042
331
1157
690
2237
1290
547
1907
446
509
829
1311
1653
530
921
485
609
1598
687
1184
1035
2186
478
1425
921
1059
1265
880
1986
759
2484
954
612
1716
871
1430
994
1067
595
147
1050
673
835
1610
887
671
867
972
2213
1157
923
1024
1303
711
996
2314
856
359
1052
591
823
1996
1549
818
1051
1691
428
1305
944
471
351
1083
497
1842
379
1245
1091
699
1069
846
1136
759
744
1399
597
557
959
1234
815
781
306
1192
348
1929
849
2007
497
1664
322
1856
52
370
625
3691
1347
662
1444
1049
3181
361
1055
95
651
2306
1627
387
539
1011
808
1949
1221
627
2162
694
1712
1233
1174
1440
531
448
400
696
520
284
1397
2221
989
1528
978
3429
669
630
975
1216
496
1295
1543
1622
1106
583
358
1167
5265
1417
993
2399
731
1655
558
1573
1816
401
1024
789
1580
1222
662
1282
1750
1141
858
2121
868
1220
421
794
2176
876
253
680
565
1283
1210
1712
1199
833
1164
330
396
1367
1421
1342
1340
914
695
1321
1884
1513
1019
1106
507
609
1022
1599
454
1413
1303
2030
1547
1262
489
890
1611
1959
695
458
1027
378
1044
2057
647
1765
540
361
1206
2379
927
1229
1115
2349
2145
709
931
1131
501
682
772
1149
1321
2158
764
1306
1539
1145
1406
2479
713
1403
1654
961
950
330
1544
908
1048
1754
763
143
1298
891
1418
465
730
812
2556
1955
547
526
154
310
477
524
821
635
3076
595
727
1556
2818
300
1268
1729
463
1345
1203
586
951
612
597
457
1164
124
1386
3448
299
705
621
689
1362
857
1917
1106
311
754
1098
1553
553
2065
715
1670
1315
1676
403
888
918
1127
703
1145
415
1186
1474
1703
1155
1236
822
802
747
1108
1104
561
1530
3478
1422
680
1470
386
532
916
985
1358
1985
735
1083
46
1186
427
879
833
1909
1376
45
1366
2166
960
706
1160
1862
1024
1328
653
1619
539
533
2203
881
906
1591
554
1282
1421
1386
814
1000
1921
362
1144
859
345
986
1221
953
1249
751
1103
923
1234
2330
523
668
1103
548
616
552
2125
659
667
1316
517
1639
507
1121
543
1239
757
912
840
953
1334
481
1295
1206
1288
438
563
1654
1751
1305
1425
1605
1241
497
1870
263
581
785
1213
596
1386
254
451
880
2701
1176
1207
759
1037
1658
992
549
502
2442
514
1042
1026
1808
2180
995
28
709
734
2919
724
850
280
1265
543
1274
1113
2009
880
218
2604
1719
840
724
265
949
773
706
784
559
1597
845
3474
1937
1017
1378
1627
117
513
2875
515
2445
1550
924
1294
793
738
1155
567
2738
730
1586
703
484
1907
648
1053
571
613
616
1025
356
736
841
1183
1786
975
1739
1955
1451
1586
525
559
841
656
1318
2060
560
1304
1382
988
875
1552
1637
2133
1897
333
406
753
624
1941
2982
1693
1574
1272
1574
786
1242
1502
1369
784
527
1123
1001
1555
1296
1635
1065
229
709
1925
723
1142
448
1812
1098
1635
1012
73
366
1199
2431
1394
822
1437
1352
262
571
267
573
730
381
1155
2422
666
214
1094
143
631
1293
595
2413
1349
511
1367
810
357
2089
974
738
442
1689
427
1913
947
1684
1307
1219
873
874
1096
3115
519
1798
1315
1174
750
1200
648
1308
960
1069
860
1374
1252
1137
934
2382
1050
403
1005
1023
1084
2307
1420
447
552
709
1158
1305
855
1011
1676
1317
442
624
946
916
1792
507
339
2714
732
595
3341
405
1165
884
1616
1630
1203
323
657
678
1754
209
424
157
2146
1329
881
1249
1814
1016
914
1022
1854
519
1027
1321
1357
1567
1572
2520
1842
503
1613
451
1375
879
856
1034
2142
630
1350
933
1535
606
1678
1371
978
565
1681
1415
1601
2228
1040
1067
797
1159
1238
1247
891
1518
2807
968
1991
1736
443
788
835
1089
1105
605
1021
436
531
1027
435
1688
1441
36
2043
1235
291
385
500
1215
491
2515
1012
1091
1069
1088
527
1587
1969
781
1088
2052
1054
905
1770
2535
760
972
1283
1235
46
439
920
761
306
1574
2124
695
690
811
858
560
702
2121
189
1142
680
517
1281
1398
668
809
1594
398
1273
2091
510
592
1299
324
853
690
345
1417
1014
752
885
876
680
1327
2008
937
673
851
3713
1481
804
741
1421
1630
258
1444
830
1350
430
862
586
1050
2512
1978
612
795
999
1342
692
949
761
624
843
1693
1171
1940
500
1140
914
1014
602
551
401
1007
1301
231
1020
1665
924
1224
2321
1516
478
648
1308
674
1203
699
1372
1729
1990
1329
484
2472
1655
1173
1616
794
1142
590
20
1048
1518
993
1183
762
1210
1533
265
212
663
984
1635
1287
1664
1480
332
1178
681
1472
982
367
1049
1238
1377
522
981
1391
1490
327
1829
2063
1213
921
636
567
1953
1884
308
1030
1255
1050
855
1327
1329
2135
1253
737
2815
581
1317
1359
490
287
1210
818
498
2603
424
2413
1916
981
956
654
640
911
1080
1126
864
402
1678
694
1103
363
872
1153
1285
1651
2167
2155
1498
2263
1147
830
1331
1889
1075
406
2080
1338
798
1012
1819
1522
918
2805
4085
1933
1247
832
615
882
1150
183
1332
236
1901
593
1273
838
1109
695
2223
2297
525
1764
813
747
557
1907
1136
1338
990
1889
1901
1538
995
1153
1337
1355
386
2540
1139
745
1877
2512
1705
1099
1761
755
473
921
2390
701
191
1057
1579
1306
539
1149
1156
404
2699
936
1433
698
620
544
455
627
1459
543
278
1167
1672
958
917
1977
1517
1073
1081
1397
2659
164
1356
1342
601
382
1143
98
1853
277
1607
989
426
1183
1401
884
352
557
1781
846
581
252
3811
1202
3041
1324
935
997
1353
764
678
1249
1038
723
412
399
1803
2279
54
1388
825
126
1750
924
450
1990
1444
289
765
781
2081
2101
421
1780
254
301
1502
1637
268
2022
547
2557
2126
1743
1668
428
1292
959
1497
600
2381
571
546
799
1091
305
2089
271
678
1749
589
338
683
1931
1249
1315
788
2236
1654
1107
1651
2167
1859
1548
1156
5397
1076
600
19
609
1844
1411
1892
1275
1188
1166
1145
2555
778
1324
740
917
491
2261
307
929
39
397
1489
921
223
436
764
612
806
2143
875
1354
1251
1592
2275
1423
522
414
1449
360
519
1434
871
1160
2759
75
722
2289
609
1431
789
771
502
1220
2182
2366
1376
375
1399
400
1688
1569
823
1205
78
530
1926
371
448
533
273
1897
984
999
1134
498
2119
1352
985
1113
964
936
208
614
1318
2138
2011
463
1391
1296
1114
964
445
364
688
1744
486
2166
608
835
565
1364
1035
384
1497
255
837
911
314
1693
850
2605
2148
1520
994
1113
252
624
902
1060
535
1343
2282
1487
469
1921
1607
869
1744
238
432
611
413
1740
822
1316
704
521
373
2441
1381
617
1972
1785
490
1227
1379
505
1145
1655
1163
837
499
680
1377
1508
833
755
435
988
1429
2974
799
878
1863
1333
2654
1064
2627
592
1019
774
275
1166
378
1115
1292
976
1493
1276
1321
1243
971
1293
699
962
724
2166
2840
896
104
984
823
314
640
321
1640
1290
631
712
840
23
552
361
1443
719
1979
1099
363
152
619
934
1235
489
459
1026
846
995
50
502
1040
2996
1077
902
1133
2753
357
1973
1581
864
986
1476
1328
1888
380
1705
969
1208
2263
481
1101
339
625
937
1788
548
2166
2216
1254
1973
1555
828
2163
784
484
771
891
377
242
1321
777
2864
1236
525
1801
822
1029
695
570
662
1287
1119
1948
490
2296
944
833
1962
1882
764
538
1258
459
697
772
581
905
1429
387
817
727
1597
1207
893
1158
925
3030
700
587
1392
649
935
1099
331
1669
1050
977
1528
875
1522
839
1892
609
1510
1187
883
1727
393
270
947
2199
2866
240
862
2568
1445
915
1097
665
1825
2144
1239
282
461
502
1009
272
3214
1081
963
330
1480
627
458
421
1008
1681
1444
1061
432
674
1330
1531
769
713
626
2598
1478
1366
440
638
864
1700
592
1061
941
604
625
1555
506
1151
1302
2245
968
2436
1835
2530
816
1061
1689
1234
885
1156
1230
384
736
2930
1569
896
878
624
3954
525
892
425
706
689
381
523
583
914
2450
1256
1255
1039
356
1846
1128
252
886
999
640
1261
380
1441
829
693
304
1861
349
1307
1749
1708
583
1095
1198
562
837
1099
541
669
151
573
358
1018
354
1269
700
1128
310
66
1254
746
2018
2794
1393
1875
481
459
2556
1157
330
894
355
3105
2200
2041
770
1559
702
745
800
492
766
451
1015
445
1340
707
555
931
1428
643
1791
768
458
1231
725
154
697
1493
768
1464
1616
1227
27
2599
1628
1316
887
1012
1660
482
537
1141
1451
1608
1454
1672
1359
2303
1928
1477
1591
1407
517
768
664
485
955
1094
1010
754
796
828
1188
1194
1668
1691
1517
1022
656
897
832
1144
1287
599
545
1332
475
558
1588
1391
1068
917
1104
1233
729
1503
1506
712
624
1124
363
747
1064
1752
1630
681
1195
1335
1089
2631
1975
1240
1585
2548
1313
1595
623
917
2426
1018
637
2407
2101
2871
1440
469
1906
1702
780
723
2297
1582
1270
1192
1742
1665
550
1040
1985
968
594
442
1158
1291
1467
754
443
439
1153
997
1495
461
1272
1641
870
1081
1417
953
3282
584
1589
1830
2028
1251
1184
222
663
734
1445
873
2205
878
698
4496
3737
3239
417
2481
1221
1376
660
1049
716
1533
428
1269
938
569
1463
2316
372
1040
776
1254
843
1538
632
1473
436
1774
1996
1137
449
1003
475
1748
1169
2884
229
1694
685
1084
779
706
1638
817
1770
563
1996
53
1868
1206
579
856
1166
480
1007
640
802
2104
1703
1320
1286
1173
1205
680
287
1271
963
1237
659
336
1862
766
548
1438
890
664
551
1612
1695
1093
955
1193
1671
1002
816
1111
1777
2046
1277
812
943
598
1248
1572
1583
1895
384
858
1173
1042
1390
1846
720
645
395
900
414
455
1511
1767
864
1296
2822
1015
1254
754
1060
1077
1378
687
1107
1230
1778
1527
1413
73
439
626
1033
1497
2746
1287
1086
994
1697
166
420
1189
1644
1630
1278
398
800
3011
78
1144
698
807
721
1583
1350
1322
1894
1227
242
754
1807
1822
371
698
1183
890
605
861
409
608
882
803
1161
289
954
817
784
732
597
580
644
2278
575
2048
909
490
1180
728
410
1052
797
897
740
2353
1788
790
670
427
1239
408
2160
1217
1776
1373
1476
1019
593
3071
1991
575
1612
355
1525
1210
1591
905
1684
1109
508
1930
1005
1060
2389
992
963
967
2628
512
791
2032
625
1094
499
844
909
1634
1855
1053
1151
1273
1206
1501
1594
1261
1233
1786
2589
825
2982
1999
961
543
1065
48
623
623
206
998
709
1667
1732
713
1853
984
1400
3529
527
1882
1078
366
1005
598
2122
979
652
584
939
971
404
410
349
1429
546
1311
1104
229
458
575
2741
925
270
1091
344
1024
1951
3029
986
555
642
1543
1188
2067
1301
2775
572
203
932
1699
777
1177
1109
1094
573
737
993
1205
646
1057
774
1010
920
768
1446
931
1363
1293
865
1914
3437
556
815
751
545
984
1611
1819
570
2476
1794
923
1228
1264
1112
1778
1133
1001
1219
1045
1920
620
556
392
330
1667
1810
166
40
1576
1368
2072
699
571
542
2325
931
850
1010
1946
590
632
1062
937
1838
739
658
1390
692
780
1424
587
371
579
2246
1376
1399
924
498
697
1036
906
966
208
1330
2570
1302
1461
400
308
1289
3106
1024
2441
1109
629
1467
1078
284
1028
2321
716
471
610
529
1378
754
932
417
486
671
1364
694
617
1287
418
581
984
1763
2187
1538
3553
1028
1607
1503
1838
590
892
862
2064
597
1130
1684
601
2450
1407
512
593
695
322
341
1430
827
424
480
1561
307
1579
348
451
904
282
177
2070
848
326
1362
1402
601
851
533
1409
1973
469
618
465
1355
1684
1527
2250
769
3415
1901
1073
248
938
729
1011
679
102
2882
333
195
188
586
407
678
913
883
1574
1001
1692
2282
1240
494
2169
583
1625
1155
282
1427
1312
1433
746
1093
1169
917
1078
981
1558
370
1279
1506
28
388
449
31
834
844
688
1690
2218
363
1249
2177
1656
773
1702
1131
1428
3376
1631
517
1360
535
656
906
1779
1585
918
1595
2487
646
1057
677
1273
1088
936
741
874
1526
2690
1479
1709
606
3333
980
1565
1951
1192
1016
691
348
497
369
617
2585
602
1162
576
213
919
422
1624
1193
2717
2820
647
648
986
818
2944
2582
559
540
1780
399
1046
948
308
209
1672
2090
1387
1971
743
2129
590
1235
2396
2129
1657
1099
912
2066
1750
1772
884
2070
726
306
299
1219
1147
762
1072
1996
441
696
916
756
1188
884
2225
866
1303
1520
1985
2130
695
1090
1823
827
564
1915
1679
1348
402
27
1210
1508
784
841
99
1719
1136
976
1320
625
1517
451
215
657
761
639
1160
566
472
370
321
3306
657
379
1189
620
1671
1067
148
1102
2191
1465
1600
1433
1649
414
1032
479
724
862
1203
610
173
1059
486
1315
846
881
1315
875
1380
1571
1799
1492
1191
1502
1042
1915
1659
1081
664
486
1106
1089
734
1743
1998
1878
426
888
732
246
1984
1032
701
1715
696
988
548
2040
1060
1222
1164
1028
1145
1545
1461
1305
1697
1579
1265
338
557
490
1193
1560
931
1061
1158
1177
1027
1202
50
1550
543
201
2970
655
1123
541
1648
878
1699
400
1256
314
983
573
2309
1234
1236
1053
519
698
796
1195
722
1438
249
2066
2248
1023
701
443
985
2052
1822
288
1692
2207
592
930
546
709
1632
355
824
1038
1121
975
2362
1400
2213
3189
1133
2348
454
665
595
1120
2026
1722
1984
692
739
1047
880
489
768
699
2042
1053
454
2473
1059
1192
690
1061
351
1670
648
715
1196
843
358
1610
2306
2785
812
1233
417
811
2654
1458
876
1269
2043
1395
1265
1328
1992
1263
384
3381
220
517
1589
1407
1535
1211
606
1715
472
1860
1011
924
1681
1856
857
407
1057
1394
1035
649
681
1586
1646
1935
925
1442
1143
807
252
1256
1553
1114
924
196
541
1010
1054
1421
2349
1445
706
1750
229
1861
1664
383
996
1007
228
2561
1371
1451
706
1145
406
1811
1032
805
267
456
655
884
1869
575
67
1036
773
920
1505
587
504
1220
563
2588
586
1608
783
786
1902
775
1632
1114
781
871
1396
1170
476
676
973
2247
355
1627
620
905
2383
2503
1985
714
898
773
651
1179
385
727
1732
1848
1801
910
1380
434
1228
1466
840
1235
1600
1475
799
1795
1410
872
858
1650
350
1034
1100
902
693
1803
1916
996
565
1543
649
696
1395
2768
550
2240
1247
916
496
461
1146
682
532
1203
2175
1527
2276
1243
3719
1285
2992
1017
534
2100
477
817
1587
1316
988
1428
1750
973
1698
1320
1286
1586
1233
1772
505
498
555
815
1061
1113
2318
863
1526
860
4609
907
517
570
50
1022
1647
738
1144
993
2164
1488
1034
571
499
1413
1042
1270
1167
861
472
777
651
1113
803
1021
1797
1617
2124
426
950
1390
985
1396
2021
1080
365
1798
500
1631
1332
3613
866
819
1548
1004
1618
507
1548
1957
2014
267
782
812
1350
1803
274
1521
739
700
1290
375
1281
223
958
1227
1745
1010
865
430
770
940
1398
2173
832
1420
494
1516
701
1188
2226
704
1242
1588
959
2184
2396
1656
1501
386
1078
683
890
1139
1631
1398
493
332
1144
1024
411
244
1222
2353
972
1345
653
446
1115
1893
1281
1104
936
1496
1310
634
1487
2546
83
919
537
255
1693
884
818
1188
372
1539
252
813
494
2206
2255
1653
559
1254
403
568
832
1778
1979
1221
2594
628
977
981
1199
769
1046
699
3635
2588
1433
584
548
1300
1641
660
324
2106
2339
116
731
1022
1482
795
1299
957
2347
1327
271
1687
440
994
668
740
1977
1416
1487
937
2713
1328
2498
1082
386
1021
1223
640
937
2404
854
1105
481
1732
1206
561
880
873
1344
1819
442
1021
2890
1255
371
984
2162
497
703
1518
503
1573
1167
676
1128
21
438
1265
1171
724
2442
787
892
1091
504
1251
524
898
1170
1611
252
1135
871
864
1503
1522
410
1594
668
2533
1171
427
634
605
1051
1348
1599
920
1246
312
979
398
1237
729
1010
366
767
539
1216
1691
3419
454
836
1056
194
1392
617
883
1068
1328
1021
631
712
1098
782
2437
877
1288
705
2146
1206
1195
1296
543
861
1002
598
1125
1268
387
582
1500
1081
822
1592
664
812
786
892
586
541
273
631
1363
178
267
520
1197
1376
1060
1627
1255
2116
1865
1785
1020
490
555
799
1852
1009
1954
1805
296
1043
828
1155
414
1600
958
1211
1286
569
248
1132
684
617
1468
35
1024
1666
1672
1081
1216
642
496
328
1078
356
1162
3039
1095
467
300
1916
744
1651
2356
771
1633
1201
1230
860
1072
606
1538
963
265
1390
756
923
634
535
669
922
1273
940
688
577
1406
2684
1224
606
1283
733
369
1602
1824
297
1919
1252
1597
794
1436
2047
981
3031
465
528
851
1803
960
1051
1099
1042
528
1256
630
2010
1339
683
1262
443
419
1289
305
1112
768
1388
1211
500
736
1628
999
571
1000
805
1154
2216
1132
1274
941
934
1207
885
900
1236
1676
68
1382
1412
744
1194
2186
425
860
647
1197
645
316
1421
1985
975
1977
1508
1930
1091
767
180
2313
1294
2514
1267
657
2105
1623
1979
3015
1541
593
2095
1199
422
680
1774
1866
977
1147
1344
1224
482
404
1184
838
1132
1751
519
716
1546
796
968
1448
625
741
1547
1050
514
858
558
396
1437
1068
533
1403
334
1160
875
2777
1265
1175
2121
578
1542
1420
1346
584
1789
852
392
959
553
655
2320
542
821
1056
917
1122
1610
1084
1469
1260
979
1681
1646
1066
679
1204
625
720
674
667
1159
892
900
360
583
468
1938
2435
2847
889
1477
1112
1165
1403
1218
2378
1302
2014
1237
974
1243
2925
1253
1160
662
1584
1059
1033
1220
483
668
655
2789
1333
925
923
758
1709
1425
1513
599
2387
1043
888
579
1720
2599
984
1105
1367
716
1258
1273
1123
383
431
398
232
1068
873
575
1058
2003
2800
1737
4829
1882
1228
1555
404
783
1662
320
451
1357
663
1514
1070
1232
886
1309
1398
2008
2292
1243
1113
743
1300
1238
1918
801
1344
213
3253
1833
467
1524
1410
693
909
434
2461
1184
1480
1567
677
955
369
1127
1179
509
1253
1116
881
793
1275
1549
2640
701
645
873
378
430
1158
846
503
1628
423
2575
1496
877
480
385
1171
390
236
1659
723
1260
1525
2037
1938
1317
1450
1110
522
1797
1641
841
468
1845
1856
503
1691
2343
1681
924
987
527
992
37
1504
1695
1472
2542
407
1624
395
1820
1715
567
2052
1240
2496
332
180
620
1635
1119
471
740
181
71
1160
1195
1077
926
1422
1598
2305
1588
547
1575
521
714
506
908
669
948
1894
2518
2231
1107
919
1962
407
1508
901
780
893
1853
2088
544
1701
1307
721
613
1149
421
906
994
2047
500
1286
1327
1544
249
1361
440
843
137
1225
1336
548
1242
600
1091
483
1248
427
1366
1251
1448
1636
862
1039
1105
834
1919
1302
1135
650
593
1692
816
936
1429
1349
2402
1224
1567
1012
1549
1407
1846
1600
263
1472
729
261
889
820
2753
843
843
1874
1073
822
1755
678
679
1985
1196
735
1793
1150
1350
2092
1865
1079
257
1131
948
802
1525
110
1831
4760
767
819
862
831
366
906
2670
1656
2362
2270
892
1475
1412
1071
670
625
1140
969
716
1132
925
1601
1414
646
610
672
843
2703
754
1577
572
1763
592
1277
1280
2748
787
1036
599
2375
568
1190
430
989
1516
848
697
504
1115
771
1390
1469
1123
867
790
2015
39
707
1487
1327
1638
2104
747
1588
2084
1066
496
1099
631
691
604
586
1255
400
1585
780
607
216
2065
565
784
3195
513
2259
458
784
563
1311
333
1038
1896
1192
1342
911
2077
247
836
92
1543
2365
1744
1373
991
2133
1230
1637
177
1702
804
1797
725
2036
962
969
1083
942
1704
872
2176
1659
463
2208
798
1159
629
550
383
1138
1042
489
619
1959
900
517
553
682
423
1069
1172
911
1926
524
533
557
187
425
682
886
283
556
607
2105
794
993
1596
1395
1044
1891
1858
2125
1674
1004
226
1396
1888
438
1121
630
778
749
1157
1220
235
692
697
1794
843
953
943
961
2224
1484
1362
573
805
522
479
1490
741
1237
529
2244
1392
476
931
294
834
1235
1328
1737
435
1352
612
1923
978
1258
957
1050
1930
848
2680
1678
386
1096
751
2500
1867
505
231
839
1166
1053
607
652
1271
341
75
742
1861
1699
685
825
974
1141
586
1138
1414
480
1275
531
1912
1675
486
517
474
721
1550
680
862
825
1254
1406
555
713
3112
1952
386
1623
1375
1214
375
657
772
1379
1491
1819
671
1059
1200
874
1153
931
2363
1679
338
17
438
968
685
438
1295
932
2185
1625
119
1501
460
319
2853
822
376
1648
711
1177
1677
1048
771
632
1283
1301
1001
739
2519
621
407
757
429
695
1101
16
1166
1345
425
1513
97
2302
2041
1877
1900
1428
383
982
570
